32768
4053424531615344740089
4053424531615344740089
69570654823675009
92522430625
837016065582119654449969
18766633392
11393943769958392472449
1816813373468675220413096176
218561363544909961
49237454933887268016049
1850268465026673169
1850268465026673169
1850268465026673169
1850268465026673169
1850268465026673169
837016065582119654449969
69570654823675009
32768
56272928271929735953699300291469008
24171087403370762043289
218561363544909961
218561363544909961
218561363544909961
218561363544909961
218561363544909961
1850268465026673169
1850268465026673169
18766633392
143496441
69570654823675009
5960262679921648
11393943769958392472449
4882903957398287287314022030448
218561363544909961
49237454933887268016049
1461712189817375027755463585782751056
92522430625
69570654823675009
5960262679921648
1539549408085102034680921
18766633392
143496441
143496441
73293249695456454014704
455530983977588700398281
69570654823675009
218561363544909961
218561363544909961
218561363544909961
11393943769958392472449
3363622337146964613286754048834608
218561363544909961
49237454933887268016049
18766633392
143496441
73293249695456454014704
455530983977588700398281
218561363544909961
1850268465026673169
4501345709961035408562073411245328
24171087403370762043289
218561363544909961
1850268465026673169
69570654823675009
218561363544909961
44375184050000
1539549408085102034680921
69570654823675009
1850268465026673169
18766633392
218561363544909961
1850268465026673169
5960262679921648
1539549408085102034680921
4629249683940504783349116064298081296
24171087403370762043289
218561363544909961
218561363544909961
218561363544909961
69570654823675009
6306160020433553488
218561363544909961
389960455649115824
32768
44375184050000
386625567104900889529
218561363544909961
1850268465026673169
32768
30378404542766886841
18766633392
44375184050000
218561363544909961
218561363544909961
218561363544909961
218561363544909961
218561363544909961
218561363544909961
218561363544909961
218561363544909961
218561363544909961
218561363544909961
218561363544909961
218561363544909961
218561363544909961
218561363544909961
32768
24171087403370762043289
69570654823675009
18766633392
11393943769958392472449
12468300485918281592740244288290062032
218561363544909961
49237454933887268016049
18766633392
32768
24171087403370762043289
69570654823675009
44375184050000
11393943769958392472449
34038345105019104143363364432947316464
218561363544909961
49237454933887268016049
21119905686508570306785872
32768
24171087403370762043289
32768
69570654823675009
32768
11393943769958392472449
32768
218561363544909961
49237454933887268016049
389960455649115824
32768
6306160020433553488
44375184050000
386625567104900889529
163980981990802945170666937251739205584
24171087403370762043289
389960455649115824
18766633392
386625567104900889529
218561363544909961
218561363544909961
30378404542766886841
218561363544909961
218561363544909961
218561363544909961
69570654823675009
6306160020433553488
218561363544909961
389960455649115824
32768
44375184050000
386625567104900889529
218561363544909961
1850268465026673169
32768
30378404542766886841
18766633392
218561363544909961
218561363544909961
32768
24171087403370762043289
1850268465026673169
18766633392
37747332420795249205601223301912903792
24171087403370762043289
1850268465026673169
69570654823675009
44375184050000
11393943769958392472449
32768
218561363544909961
49237454933887268016049
1850268465026673169
21119905686508570306785872
37747332420795249205601223301912903792
24171087403370762043289
1850268465026673169
32768
69570654823675009
389960455649115824
69570654823675009
218561363544909961
32768
11393943769958392472449
9926624569821523686964823044628340914192
218561363544909961
49237454933887268016049
32768
6306160020433553488
44375184050000
386625567104900889529
32768
24171087403370762043289
18766633392
386625567104900889529
218561363544909961
1850268465026673169
218561363544909961
218561363544909961
218561363544909961
218561363544909961
218561363544909961
30378404542766886841
69570654823675009
6306160020433553488
218561363544909961
389960455649115824
32768
44375184050000
386625567104900889529
218561363544909961
1850268465026673169
32768
30378404542766886841
18766633392
218561363544909961
218561363544909961
218561363544909961
32768
24171087403370762043289
